$ 1 0.000005 10.20027730826997 57 5 50 5e-11
a 288 192 432 192 8 3.3 0 1000000 2.7000074997000123 2.7 100000
w 288 112 288 176 0
w 432 192 432 112 0
r 288 112 432 112 0 3000
r 192 112 288 112 0 1000
r 288 208 288 256 0 3000
g 288 256 288 304 0 0
r 288 208 192 208 0 1000
O 432 192 496 192 1 0
R 160 112 96 112 0 0 40 3.3 0 0 0.5
O 432 432 496 432 1 0
r 288 448 192 448 0 2000
g 288 496 288 544 0 0
r 288 448 288 496 0 1200
r 192 352 288 352 0 1000
r 288 352 432 352 0 3000
w 432 432 432 352 0
w 288 352 288 416 0
a 288 432 432 432 8 3.3 0 1000000 2.700007499700012 2.6999999999999997 100000
O 432 672 496 672 1 0
r 288 688 192 688 0 3000
g 288 736 288 784 0 0
r 288 688 288 736 0 1000
r 192 592 288 592 0 1000
r 288 592 432 592 0 3000
w 432 672 432 592 0
w 288 592 288 656 0
a 288 672 432 672 8 3.3 0 1000000 2.700007499700012 2.7 100000
w 160 352 160 592 0
w 160 592 192 592 0
w 192 352 160 352 0
w 192 112 160 112 0
w 160 352 160 112 0
R -128 208 -208 208 0 0 40 4.2 0 0 0.5
s -128 208 -64 208 0 1 false
w 64 688 192 688 0
w 192 448 112 448 0
w 128 208 192 208 0
w -288 368 0 368 0
w 0 368 0 112 0
w 0 112 -288 112 0
w 0 368 0 592 0
w 0 592 -288 592 0
x -211 561 -79 564 4 30 BAT\sLOW
x -216 162 -79 165 4 30 BAT\sFULL
s -128 256 -64 256 0 1 false
R -128 256 -208 256 0 0 40 8.4 0 0 0.5
s -128 304 -64 304 0 1 false
R -128 304 -208 304 0 0 40 12.6 0 0 0.5
R -128 496 -208 496 0 0 40 10.8 0 0 0.5
s -128 496 -64 496 0 0 false
R -128 448 -208 448 0 0 40 7.2 0 0 0.5
s -128 448 -64 448 0 0 false
s -128 400 -64 400 0 0 false
R -128 400 -208 400 0 0 40 3.6 0 0 0.5
w 128 400 128 208 0
w 96 256 96 448 0
w 96 448 112 448 0
w 64 304 64 496 0
w 64 688 64 496 0
w -64 400 128 400 0
w 64 496 -64 496 0
w 64 304 -64 304 0
w -64 448 96 448 0
w 96 256 -64 256 0
w -64 208 128 208 0
o 8 64 0 4098 5 0.0000244140625 0 1
